32 6 128 128 1 0.0001 64 0.1 0.1 0.1 0.0 1.0 2.0
32 6 128 128 1 0.0001 64 0.1 0.1 0.1 0.0 1.0 2.5
32 6 128 128 1 0.0001 64 0.1 0.1 0.1 0.0 1.0 3.0
32 6 128 128 1 0.0001 64 0.2 0.1 0.1 0.0 1.0 2.0
32 6 128 128 1 0.0001 64 0.2 0.1 0.1 0.0 1.0 2.5
32 6 128 128 1 0.0001 64 0.2 0.1 0.1 0.0 1.0 3.0
32 6 128 128 1 0.0001 64 0.3 0.1 0.1 0.0 1.0 2.0
32 6 128 128 1 0.0001 64 0.3 0.1 0.1 0.0 1.0 2.5
32 6 128 128 1 0.0001 64 0.3 0.1 0.1 0.0 1.0 3.0
32 6 128 128 1 0.0001 64 0.4 0.1 0.1 0.0 1.0 2.0
32 6 128 128 1 0.0001 64 0.4 0.1 0.1 0.0 1.0 2.5
32 6 128 128 1 0.0001 64 0.4 0.1 0.1 0.0 1.0 3.0
32 6 128 128 1 0.0001 64 0.5 0.1 0.1 0.0 1.0 2.0
32 6 128 128 1 0.0001 64 0.5 0.1 0.1 0.0 1.0 2.5
32 6 128 128 1 0.0001 64 0.5 0.1 0.1 0.0 1.0 3.0
32 6 128 128 1 0.0001 64 0.6 0.1 0.1 0.0 1.0 2.0
32 6 128 128 1 0.0001 64 0.6 0.1 0.1 0.0 1.0 2.5
32 6 128 128 1 0.0001 64 0.6 0.1 0.1 0.0 1.0 3.0
32 6 128 128 1 0.0001 64 0.7 0.1 0.1 0.0 1.0 2.0
32 6 128 128 1 0.0001 64 0.7 0.1 0.1 0.0 1.0 2.5
32 6 128 128 1 0.0001 64 0.7 0.1 0.1 0.0 1.0 3.0
32 6 128 128 1 0.0001 64 0.8 0.1 0.1 0.0 1.0 2.0
32 6 128 128 1 0.0001 64 0.8 0.1 0.1 0.0 1.0 2.5
32 6 128 128 1 0.0001 64 0.8 0.1 0.1 0.0 1.0 3.0
32 6 128 128 1 0.0001 64 0.9 0.1 0.1 0.0 1.0 2.0
32 6 128 128 1 0.0001 64 0.9 0.1 0.1 0.0 1.0 2.5
32 6 128 128 1 0.0001 64 0.9 0.1 0.1 0.0 1.0 3.0